3665.93977965
3794.03473965
3851.05619965
3948.10895965
4019.14606965
4132.23012965
4229.28288965
4342.36694965
4479.42585965
4642.48918965
4729.52121965
4885.62232965
5071.70163965
5158.73366965
5287.77625965
5450.83958965
5587.89849965
5734.96690965
5921.04621965
5978.06767965
6079.11535965
6242.17868965
6379.23759965
6516.29650965
6617.34418965
6718.39186965
6855.45077965
7002.51918965
7059.54064965
7156.59340965
7284.68836965
7399.71530965
7555.81641965
7656.86409965
7759.87328965
7874.90022965
7987.98428965
8144.08539965
8272.18035965
8401.22294965
8564.28627965
8678.32920965
8792.37213965
8920.46709965
9007.49912965
9094.53115965
9222.62611965
9369.69452965
9440.73163965
9555.75857965
9652.81133965
9765.89539965
9894.93798965
9995.98566965
10110.0285996
10207.0813596
10335.1763196
10392.1977796
10505.2818396
10668.3451696
10783.3721096
10897.4150396
11026.4576296
11129.4668196
11243.5097496
11380.5686596
11511.6091496
11624.6932096
11725.7408896
11862.7997996
11959.8525596
12056.9053196
12169.9893796
12356.0686896
12459.0778796
12590.1183696
12753.1816996
12939.2610096
13042.2701996
13099.2916596
13202.3008496
13289.3328796
13386.3856396
13523.4445496
13686.5078796
13789.5170696
13886.5698296
14033.6382396
14148.6651796
14285.7240896
14382.7768496
14483.8245296
14582.8929396
14745.9562696
14932.0355796
